22.42
24.83
25.66
23.53
22.44
22.71
22.26
23.83
23.75
23.01
22.80
25.51
23.70
23.55
23.31
21.20
25.32
22.24
23.81
23.04
22.06
24.29
24.88
22.51
23.11
24.12
23.06
24.08
23.24
23.98
23.87
26.29
22.95
24.37
23.92
23.96
25.66
25.00
24.77
25.06
22.87
23.73
23.51
22.64
23.47
23.62
23.85
23.49
23.81
22.59
24.63
23.55
25.49
25.10
26.55
25.17
27.47
26.20
26.81
27.83
26.55
27.08
29.44
25.27
26.13
25.58
24.71
24.79
23.81
23.89
24.02
25.38
22.40
23.33
24.45
23.98
23.75
24.83
24.88
21.87
24.25
22.08
22.92
23.36
24.00
22.83
24.39
24.23
23.31
23.26
22.73
25.60
23.47
22.68
22.74
23.02
22.09
23.44
23.46
25.45
