13.56
14.13
13.41
13.54
13.45
14.21
13.70
13.08
13.70
13.09
13.12
13.47
12.93
13.49
13.04
12.79
13.43
12.98
12.95
13.59
13.26
13.18
13.64
13.69
13.05
13.26
13.24
13.71
13.27
13.29
13.53
14.02
13.77
13.30
13.64
13.29
13.00
13.08
13.32
12.79
12.99
13.25
13.20
12.96
13.12
13.90
13.86
13.82
13.22
13.82
13.86
13.49
13.83
14.24
14.26
13.37
13.51
13.53
13.45
13.54
13.52
13.17
13.15
13.11
13.67
13.74
13.97
13.57
12.99
13.04
13.35
12.95
13.11
13.14
13.44
12.85
13.05
12.89
13.28
13.16
12.89
13.23
12.86
12.81
13.38
13.82
13.55
13.00
13.31
13.62
13.26
13.27
13.23
12.82
13.43
12.75
12.76
12.88
13.74
13.63
